Yoo:2023spi (2306.03148): 1
Ma:2023sok (2304.11836): 1
Samanta:2022yfe (2210.01605): 2
Mitman:2022qdl (2208.07380): 46
Mitman:2022kwt (2208.04356): 7
Grant:2022koa (2208.02123): 1
Bronicki:2022eqa (2203.08841): 8
MaganaZertuche:2021syq (2110.15922): 27
Tanay:2021bff (2110.15351): 7
Clark:2021urw (2107.11624): 0
GalvezGhersi:2021sxs (2106.08410): 11
Mitman:2021xkq (2105.02300): 17
Iozzo:2021vnq (2104.07052): 15
Okounkova:2021xjv (2101.11153): 39
Tanay:2020gfb (2012.06586): 13
Tahura:2020vsa (2007.13799): 27
GalvezGhersi:2020fvh (2007.11578): 6
Stein:2019buj (1912.07609): 34
Okounkova:2019zjf (1911.02588): 73
Stein:2019mop (1908.10377): 43
Okounkova:2019dfo (1906.08789): 82
Varma:2019csw (1905.09300): 205
Boyle:2019kee (1904.04831): 245
Varma:2018rcg (1811.06552): 2
Varma:2018aht (1809.09125): 92
Isi:2018miq (1807.02123): 26
Barack:2018yly (1806.05195): 592
Prabhu:2018aun (1805.02668): 46
Gerosa:2018qay (1802.04276): 45
Chen:2018jed (1802.02159): 17
Chen:2017ofv (1707.05319): 8
Okounkova:2017yby (1705.07924): 111
Tso:2016mvv (1608.01284): 5
Flanagan:2016oks (1602.01847): 12
Yagi:2016jml (1602.02413): 163
McNees:2015srl (1512.05453): 44
Yagi:2015oca (1510.02152): 112
Tsang:2015cua (1506.08443): 11
Berti:2015itd (1501.07274): 1099
Galley:2014wla (1412.3082): 39
Stein:2014xba (1407.2350): 43
Stein:2014wza (1407.0744): 7
Yagi:2014qua (1406.7587): 72
Stein:2013ofa (1312.4532): 59
Stein:2013wza (1310.6743): 29
Yagi:2013mbt (1302.1918): 89
Stein:2012ffl (?): 1
Yagi:2012xdc (?): 0
Yagi:2011xp (1110.5950): 175
Vigeland:2011ji (1102.3706): 141
Yunes:2011we (1101.2921): 202
Stein:2010pn (1012.3144): 62
Lutomirski:2009wa (0910.1351): 4
Sutton:2009gi (0908.3665): 130
Chatterji:2006nh (gr-qc/0605002): 113
