Bronicki:2022eqa (2203.08841): 2
MaganaZertuche:2021syq (2110.15922): 5
Tanay:2021bff (2110.15351): 2
Clark:2021urw (2107.11624): 0
GalvezGhersi:2021sxs (2106.08410): 4
Mitman:2021xkq (2105.02300): 9
Iozzo:2021vnq (2104.07052): 7
Okounkova:2021xjv (2101.11153): 14
Tanay:2020gfb (2012.06586): 5
Tahura:2020vsa (2007.13799): 18
GalvezGhersi:2020fvh (2007.11578): 5
Stein:2019buj (1912.07609): 19
Okounkova:2019zjf (1911.02588): 47
Stein:2019mop (1908.10377): 21
Okounkova:2019dfo (1906.08789): 57
Varma:2019csw (1905.09300): 141
Boyle:2019kee (1904.04831): 164
Varma:2018rcg (1811.06552): 2
Varma:2018aht (1809.09125): 69
Isi:2018miq (1807.02123): 20
Barack:2018yly (1806.05195): 445
Prabhu:2018aun (1805.02668): 38
Gerosa:2018qay (1802.04276): 38
Chen:2018jed (1802.02159): 11
Chen:2017ofv (1707.05319): 6
Okounkova:2017yby (1705.07924): 83
Tso:2016mvv (1608.01284): 5
Flanagan:2016oks (1602.01847): 12
Yagi:2016jml (1602.02413): 139
McNees:2015srl (1512.05453): 38
Yagi:2015oca (1510.02152): 97
Tsang:2015cua (1506.08443): 6
Berti:2015itd (1501.07274): 915
Galley:2014wla (1412.3082): 35
Stein:2014xba (1407.2350): 40
Stein:2014wza (1407.0744): 7
Yagi:2014qua (1406.7587): 67
Stein:2013ofa (1312.4532): 53
Stein:2013wza (1310.6743): 27
Yagi:2013mbt (1302.1918): 77
Yagi:2012xdc (?): 0
Yagi:2011xp (1110.5950): 141
Vigeland:2011ji (1102.3706): 129
Yunes:2011we (1101.2921): 181
Stein:2010pn (1012.3144): 57
Lutomirski:2009wa (0910.1351): 4
Sutton:2009gi (0908.3665): 118
Chatterji:2006nh (gr-qc/0605002): 103
